10 1
32 1
33 2
34 3
37 4
38 5
39 6
40 7
41 8
42 9
43 10
44 11
45 12
46 13
47 14
48 15
49 16
50 16
51 16
52 16
53 16
54 16
55 16
56 16
57 16
58 17
59 18
60 19
61 20
62 21
65 22
66 22
67 22
68 22
69 22
70 22
71 22
72 22
73 22
74 22
75 22
76 22
77 22
78 22
79 22
80 22
81 22
82 22
83 22
84 22
85 22
86 22
87 22
88 22
89 22
90 22
91 23
93 24
94 25
95 26
97 22
98 27
99 28
100 29
101 30
102 31
103 22
104 22
105 32
106 22
107 22
108 22
109 22
110 33
111 22
112 22
113 22
114 34
115 35
116 36
117 22
118 37
119 38
120 22
121 22
122 22
123 39
124 40
125 41
126 42
61 43
9 3
10 3
13 3
32 3
33 3
34 44
35 3
36 3
37 3
38 3
39 3
40 3
41 3
42 3
43 3
44 3
45 3
46 3
47 3
48 3
49 3
50 3
51 3
52 3
53 3
54 3
55 3
56 3
57 3
58 3
59 3
60 3
61 3
62 3
63 3
64 3
65 3
66 3
67 3
68 3
69 3
70 3
71 3
72 3
73 3
74 3
75 3
76 3
77 3
78 3
79 3
80 3
81 3
82 3
83 3
84 3
85 3
86 3
87 3
88 3
89 3
90 3
91 3
92 45
93 3
94 3
95 3
96 3
97 3
98 3
99 3
100 3
101 3
102 3
103 3
104 3
105 3
106 3
107 3
108 3
109 3
110 3
111 3
112 3
113 3
114 3
115 3
116 3
117 3
118 3
119 3
120 3
121 3
122 3
123 3
124 3
125 3
126 3
161 3
162 3
163 3
164 3
165 3
166 3
167 3
168 3
169 3
170 3
171 3
172 3
173 3
174 3
175 3
176 3
177 3
178 3
179 3
180 3
181 3
182 3
183 3
184 3
185 3
186 3
187 3
188 3
189 3
190 3
191 3
192 3
193 3
194 3
195 3
196 3
197 3
198 3
199 3
200 3
201 3
202 3
203 3
204 3
205 3
206 3
207 3
208 3
209 3
210 3
211 3
212 3
213 3
214 3
215 3
216 3
217 3
218 3
219 3
220 3
221 3
222 3
223 3
224 3
225 3
226 3
227 3
228 3
229 3
230 3
231 3
232 3
233 3
234 3
235 3
236 3
237 3
238 3
239 3
240 3
241 3
242 3
243 3
244 3
245 3
246 3
247 3
248 3
249 3
250 3
251 3
252 3
253 3
254 3
255 3
38 46
9 47
10 47
13 47
32 47
33 47
34 47
35 47
36 47
37 47
38 47
40 47
41 47
42 47
43 47
44 47
45 47
46 47
47 47
48 47
49 47
50 47
51 47
52 47
53 47
54 47
55 47
56 47
57 47
58 47
59 47
60 47
61 47
62 47
63 47
64 47
65 47
66 47
67 47
68 47
69 47
70 47
71 47
72 47
73 47
74 47
75 47
76 47
77 47
78 47
79 47
80 47
81 47
82 47
83 47
84 47
85 47
86 47
87 47
88 47
89 47
90 47
91 47
92 48
93 47
94 47
95 47
96 47
97 47
98 47
99 47
100 47
101 47
102 47
103 47
104 47
105 47
106 47
107 47
108 47
109 47
110 47
111 47
112 47
113 47
114 47
115 47
116 47
117 47
118 47
119 47
120 47
121 47
122 47
123 47
124 47
125 47
126 47
161 47
162 47
163 47
164 47
165 47
166 47
167 47
168 47
169 47
170 47
171 47
172 47
173 47
174 47
175 47
176 47
177 47
178 47
179 47
180 47
181 47
182 47
183 47
184 47
185 47
186 47
187 47
188 47
189 47
190 47
191 47
192 47
193 47
194 47
195 47
196 47
197 47
198 47
199 47
200 47
201 47
202 47
203 47
204 47
205 47
206 47
207 47
208 47
209 47
210 47
211 47
212 47
213 47
214 47
215 47
216 47
217 47
218 47
219 47
220 47
221 47
222 47
223 47
224 47
225 47
226 47
227 47
228 47
229 47
230 47
231 47
232 47
233 47
234 47
235 47
236 47
237 47
238 47
239 47
240 47
241 47
242 47
243 47
244 47
245 47
246 47
247 47
248 47
249 47
250 47
251 47
252 47
253 47
254 47
255 47
43 49
45 50
48 51
49 51
50 51
51 51
52 51
53 51
54 51
55 51
56 51
57 51
42 52
47 53
46 54
48 16
49 16
50 16
51 16
52 16
53 16
54 16
55 16
56 16
57 16
65 22
66 55
67 22
68 22
69 22
70 22
71 22
72 22
73 22
74 22
75 22
76 22
77 22
78 22
79 22
80 22
81 22
82 22
83 22
84 22
85 22
86 22
87 22
88 56
89 22
90 22
95 26
97 22
98 55
99 22
100 22
101 22
102 22
103 22
104 22
105 22
106 22
107 22
108 22
109 22
110 22
111 22
112 22
113 22
114 22
115 22
116 22
117 22
118 22
119 22
120 56
121 22
122 22
46 54
48 16
49 16
50 16
51 16
52 16
53 16
54 16
55 16
56 16
57 16
65 22
66 22
67 22
68 22
69 22
70 22
71 22
72 22
73 22
74 22
75 22
76 22
77 22
78 22
79 22
80 22
81 22
82 22
83 22
84 22
85 22
86 22
87 22
88 22
89 22
90 22
95 26
97 22
98 22
99 22
100 22
101 22
102 22
103 22
104 22
105 22
106 22
107 22
108 22
109 22
110 22
111 22
112 22
113 22
114 22
115 22
116 22
117 22
118 22
119 22
120 22
121 22
122 22
60 57
61 58
61 59
61 60
62 61
48 22
49 22
50 22
51 22
52 22
53 22
54 22
55 22
56 22
57 22
65 22
66 22
67 22
68 22
69 22
70 22
71 22
72 22
73 22
74 22
75 22
76 22
77 22
78 22
79 22
80 22
81 22
82 22
83 22
84 22
85 22
86 22
87 22
88 22
89 22
90 22
95 26
97 22
98 22
99 22
100 22
101 22
102 22
103 22
104 22
105 22
106 22
107 22
108 22
109 22
110 22
111 22
112 22
113 22
114 22
115 22
116 22
117 22
118 22
119 22
120 22
121 22
122 22
48 22
49 22
50 22
51 22
52 22
53 22
54 22
55 22
56 22
57 22
65 22
66 22
67 22
68 22
69 22
70 22
71 22
72 22
73 22
74 22
75 22
76 22
77 22
78 22
79 22
80 22
81 22
82 22
83 22
84 22
85 22
86 22
87 22
88 22
89 22
90 22
95 26
97 22
98 22
99 22
100 22
101 22
102 22
103 22
104 22
105 22
106 22
107 22
108 22
109 22
110 22
111 22
112 22
113 22
114 22
115 22
116 22
117 22
118 22
119 22
120 22
121 22
122 22
48 22
49 22
50 22
51 22
52 22
53 22
54 22
55 22
56 22
57 22
65 22
66 22
67 22
68 22
69 22
70 22
71 22
72 22
73 22
74 22
75 22
76 22
77 22
78 22
79 22
80 22
81 22
82 22
83 22
84 22
85 22
86 22
87 22
88 22
89 22
90 22
95 26
97 22
98 22
99 22
100 22
101 22
102 22
103 22
104 22
105 22
106 22
107 22
108 22
109 22
110 22
111 62
112 22
113 22
114 22
115 22
116 22
117 22
118 22
119 22
120 22
121 22
122 22
48 22
49 22
50 22
51 22
52 22
53 22
54 22
55 22
56 22
57 22
65 22
66 22
67 22
68 22
69 22
70 22
71 22
72 22
73 22
74 22
75 22
76 22
77 22
78 22
79 22
80 22
81 22
82 22
83 22
84 22
85 22
86 22
87 22
88 22
89 22
90 22
95 26
97 22
98 22
99 22
100 22
101 22
102 22
103 22
104 63
105 22
106 22
107 22
108 22
109 22
110 22
111 64
112 22
113 22
114 22
115 22
116 22
117 22
118 22
119 22
120 22
121 22
122 22
48 22
49 22
50 22
51 22
52 22
53 22
54 22
55 22
56 22
57 22
65 22
66 22
67 22
68 22
69 22
70 22
71 22
72 22
73 22
74 22
75 22
76 22
77 22
78 22
79 22
80 22
81 22
82 22
83 22
84 22
85 22
86 22
87 22
88 22
89 22
90 22
95 26
97 22
98 22
99 22
100 22
101 22
102 22
103 22
104 22
105 22
106 22
107 22
108 22
109 22
110 22
111 65
112 22
113 22
114 22
115 22
116 22
117 22
118 22
119 22
120 22
121 22
122 22
48 22
49 22
50 22
51 22
52 22
53 22
54 22
55 22
56 22
57 22
65 22
66 22
67 22
68 22
69 22
70 22
71 22
72 22
73 22
74 22
75 22
76 22
77 22
78 22
79 22
80 22
81 22
82 22
83 22
84 22
85 22
86 22
87 22
88 22
89 22
90 22
95 26
97 22
98 22
99 22
100 22
101 22
102 22
103 22
104 22
105 22
106 22
107 22
108 66
109 22
110 22
111 22
112 22
113 22
114 22
115 22
116 22
117 22
118 22
119 22
120 22
121 22
122 22
48 22
49 22
50 22
51 22
52 22
53 22
54 22
55 22
56 22
57 22
65 22
66 22
67 22
68 22
69 22
70 22
71 22
72 22
73 22
74 22
75 22
76 22
77 22
78 22
79 22
80 22
81 22
82 22
83 22
84 22
85 22
86 22
87 22
88 22
89 22
90 22
95 26
97 67
98 22
99 22
100 22
101 22
102 22
103 22
104 22
105 22
106 22
107 22
108 68
109 22
110 22
111 69
112 22
113 22
114 22
115 22
116 22
117 22
118 22
119 22
120 22
121 22
122 22
48 22
49 22
50 22
51 22
52 22
53 22
54 22
55 22
56 22
57 22
65 22
66 22
67 22
68 22
69 22
70 22
71 22
72 22
73 22
74 22
75 22
76 22
77 22
78 22
79 22
80 22
81 22
82 22
83 22
84 22
85 22
86 22
87 22
88 22
89 22
90 22
95 26
97 22
98 22
99 22
100 22
101 22
102 70
103 22
104 22
105 22
106 22
107 22
108 22
109 22
110 71
111 22
112 22
113 22
114 22
115 22
116 22
117 22
118 22
119 22
120 22
121 22
122 22
48 22
49 22
50 22
51 22
52 22
53 22
54 22
55 22
56 22
57 22
65 22
66 22
67 22
68 22
69 22
70 22
71 22
72 22
73 22
74 22
75 22
76 22
77 22
78 22
79 22
80 22
81 22
82 22
83 22
84 22
85 22
86 22
87 22
88 22
89 22
90 22
95 26
97 22
98 22
99 22
100 22
101 22
102 22
103 22
104 22
105 22
106 22
107 22
108 22
109 22
110 22
111 22
112 22
113 22
114 22
115 22
116 22
117 72
118 22
119 22
120 22
121 22
122 22
48 22
49 22
50 22
51 22
52 22
53 22
54 22
55 22
56 22
57 22
65 22
66 22
67 22
68 22
69 22
70 22
71 22
72 22
73 22
74 22
75 22
76 22
77 22
78 22
79 22
80 22
81 22
82 22
83 22
84 22
85 22
86 22
87 22
88 22
89 22
90 22
95 26
97 22
98 22
99 22
100 22
101 73
102 22
103 22
104 22
105 22
106 22
107 22
108 22
109 22
110 22
111 22
112 22
113 22
114 22
115 22
116 22
117 22
118 22
119 22
120 22
121 22
122 22
48 22
49 22
50 22
51 22
52 22
53 22
54 22
55 22
56 22
57 22
65 22
66 22
67 22
68 22
69 22
70 22
71 22
72 22
73 22
74 22
75 22
76 22
77 22
78 22
79 22
80 22
81 22
82 22
83 22
84 22
85 22
86 22
87 22
88 22
89 22
90 22
95 26
97 22
98 22
99 22
100 22
101 22
102 22
103 22
104 22
105 22
106 22
107 22
108 22
109 22
110 22
111 22
112 22
113 22
114 22
115 22
116 74
117 22
118 22
119 22
120 22
121 22
122 22
48 22
49 22
50 22
51 22
52 22
53 22
54 22
55 22
56 22
57 22
65 22
66 22
67 22
68 22
69 22
70 22
71 22
72 22
73 22
74 22
75 22
76 22
77 22
78 22
79 22
80 22
81 22
82 22
83 22
84 22
85 22
86 22
87 22
88 22
89 22
90 22
95 26
97 22
98 22
99 22
100 22
101 22
102 22
103 22
104 22
105 22
106 22
107 22
108 22
109 22
110 22
111 22
112 22
113 22
114 75
115 22
116 22
117 22
118 22
119 22
120 22
121 22
122 22
48 22
49 22
50 22
51 22
52 22
53 22
54 22
55 22
56 22
57 22
65 22
66 22
67 22
68 22
69 22
70 22
71 22
72 22
73 22
74 22
75 22
76 22
77 22
78 22
79 22
80 22
81 22
82 22
83 22
84 22
85 22
86 22
87 22
88 22
89 22
90 22
95 26
97 22
98 22
99 22
100 22
101 76
102 22
103 22
104 22
105 22
106 22
107 22
108 22
109 22
110 22
111 77
112 22
113 22
114 22
115 22
116 22
117 22
118 22
119 22
120 22
121 22
122 22
48 22
49 22
50 22
51 22
52 22
53 22
54 22
55 22
56 22
57 22
65 22
66 22
67 22
68 22
69 22
70 22
71 22
72 22
73 22
74 22
75 22
76 22
77 22
78 22
79 22
80 22
81 22
82 22
83 22
84 22
85 22
86 22
87 22
88 22
89 22
90 22
95 26
97 22
98 22
99 22
100 22
101 22
102 22
103 22
104 78
105 22
106 22
107 22
108 22
109 22
110 22
111 22
112 22
113 22
114 22
115 22
116 22
117 22
118 22
119 22
120 22
121 22
122 22
124 79
9 3
32 3
33 3
34 80
35 3
36 3
37 3
38 3
39 3
40 3
41 3
42 3
43 3
44 3
45 3
46 3
47 3
48 3
49 3
50 3
51 3
52 3
53 3
54 3
55 3
56 3
57 3
58 3
59 3
60 3
61 3
62 3
63 3
64 3
65 3
66 3
67 3
68 3
69 3
70 3
71 3
72 3
73 3
74 3
75 3
76 3
77 3
78 3
79 3
80 3
81 3
82 3
83 3
84 3
85 3
86 3
87 3
88 3
89 3
90 3
91 3
92 3
93 3
94 3
95 3
96 3
97 3
98 3
99 3
100 3
101 3
102 3
103 3
104 3
105 3
106 3
107 3
108 3
109 3
110 3
111 3
112 3
113 3
114 3
115 3
116 3
117 3
118 3
119 3
120 3
121 3
122 3
123 3
124 3
125 3
126 3
161 3
162 3
163 3
164 3
165 3
166 3
167 3
168 3
169 3
170 3
171 3
172 3
173 3
174 3
175 3
176 3
177 3
178 3
179 3
180 3
181 3
182 3
183 3
184 3
185 3
186 3
187 3
188 3
189 3
190 3
191 3
192 3
193 3
194 3
195 3
196 3
197 3
198 3
199 3
200 3
201 3
202 3
203 3
204 3
205 3
206 3
207 3
208 3
209 3
210 3
211 3
212 3
213 3
214 3
215 3
216 3
217 3
218 3
219 3
220 3
221 3
222 3
223 3
224 3
225 3
226 3
227 3
228 3
229 3
230 3
231 3
232 3
233 3
234 3
235 3
236 3
237 3
238 3
239 3
240 3
241 3
242 3
243 3
244 3
245 3
246 3
247 3
248 3
249 3
250 3
251 3
252 3
253 3
254 3
255 3
39 81
34 47
39 47
92 47
110 47
114 47
116 47
48 51
49 51
50 51
51 51
52 51
53 51
54 51
55 51
56 51
57 51
70 82
102 82
9 52
10 52
13 52
32 52
33 52
34 52
35 52
36 52
37 52
38 52
39 52
40 52
41 52
42 83
43 52
44 52
45 52
46 52
48 52
49 52
50 52
51 52
52 52
53 52
54 52
55 52
56 52
57 52
58 52
59 52
60 52
61 52
62 52
63 52
64 52
65 52
66 52
67 52
68 52
69 52
70 52
71 52
72 52
73 52
74 52
75 52
76 52
77 52
78 52
79 52
80 52
81 52
82 52
83 52
84 52
85 52
86 52
87 52
88 52
89 52
90 52
91 52
92 52
93 52
94 52
95 52
96 52
97 52
98 52
99 52
100 52
101 52
102 52
103 52
104 52
105 52
106 52
107 52
108 52
109 52
110 52
111 52
112 52
113 52
114 52
115 52
116 52
117 52
118 52
119 52
120 52
121 52
122 52
123 52
124 52
125 52
126 52
161 52
162 52
163 52
164 52
165 52
166 52
167 52
168 52
169 52
170 52
171 52
172 52
173 52
174 52
175 52
176 52
177 52
178 52
179 52
180 52
181 52
182 52
183 52
184 52
185 52
186 52
187 52
188 52
189 52
190 52
191 52
192 52
193 52
194 52
195 52
196 52
197 52
198 52
199 52
200 52
201 52
202 52
203 52
204 52
205 52
206 52
207 52
208 52
209 52
210 52
211 52
212 52
213 52
214 52
215 52
216 52
217 52
218 52
219 52
220 52
221 52
222 52
223 52
224 52
225 52
226 52
227 52
228 52
229 52
230 52
231 52
232 52
233 52
234 52
235 52
236 52
237 52
238 52
239 52
240 52
241 52
242 52
243 52
244 52
245 52
246 52
247 52
248 52
249 52
250 52
251 52
252 52
253 52
254 52
255 52
9 53
13 53
32 53
33 53
34 53
35 53
36 53
37 53
38 53
39 53
40 53
41 53
42 53
43 53
44 53
45 53
46 53
47 53
48 53
49 53
50 53
51 53
52 53
53 53
54 53
55 53
56 53
57 53
58 53
59 53
60 53
61 53
62 53
63 53
64 53
65 53
66 53
67 53
68 53
69 53
70 53
71 53
72 53
73 53
74 53
75 53
76 53
77 53
78 53
79 53
80 53
81 53
82 53
83 53
84 53
85 53
86 53
87 53
88 53
89 53
90 53
91 53
92 53
93 53
94 53
95 53
96 53
97 53
98 53
99 53
100 53
101 53
102 53
103 53
104 53
105 53
106 53
107 53
108 53
109 53
110 53
111 53
112 53
113 53
114 53
115 53
116 53
117 53
118 53
119 53
120 53
121 53
122 53
123 53
124 53
125 53
126 53
161 53
162 53
163 53
164 53
165 53
166 53
167 53
168 53
169 53
170 53
171 53
172 53
173 53
174 53
175 53
176 53
177 53
178 53
179 53
180 53
181 53
182 53
183 53
184 53
185 53
186 53
187 53
188 53
189 53
190 53
191 53
192 53
193 53
194 53
195 53
196 53
197 53
198 53
199 53
200 53
201 53
202 53
203 53
204 53
205 53
206 53
207 53
208 53
209 53
210 53
211 53
212 53
213 53
214 53
215 53
216 53
217 53
218 53
219 53
220 53
221 53
222 53
223 53
224 53
225 53
226 53
227 53
228 53
229 53
230 53
231 53
232 53
233 53
234 53
235 53
236 53
237 53
238 53
239 53
240 53
241 53
242 53
243 53
244 53
245 53
246 53
247 53
248 53
249 53
250 53
251 53
252 53
253 53
254 53
255 53
48 54
49 54
50 54
51 54
52 54
53 54
54 54
55 54
56 54
57 54
48 84
49 84
50 22
51 22
52 22
53 22
54 22
55 22
56 22
57 22
65 22
66 22
67 22
68 22
69 22
70 22
71 22
72 22
73 22
74 22
75 22
76 22
77 22
78 22
79 22
80 22
81 22
82 22
83 22
84 22
85 22
86 22
87 22
88 22
89 22
90 22
95 26
97 22
98 22
99 22
100 22
101 22
102 22
103 22
104 22
105 22
106 22
107 22
108 22
109 22
110 22
111 22
112 22
113 22
114 22
115 22
116 22
117 22
118 22
119 22
120 22
121 22
122 22
48 85
49 85
50 85
51 85
52 85
53 85
54 85
55 85
56 85
57 85
65 85
66 85
67 85
68 85
69 85
70 85
71 22
72 22
73 22
74 22
75 22
76 22
77 22
78 22
79 22
80 22
81 22
82 22
83 22
84 22
85 22
86 22
87 22
88 22
89 22
90 22
95 26
97 85
98 85
99 85
100 85
101 85
102 85
103 22
104 22
105 22
106 22
107 22
108 22
109 22
110 22
111 22
112 22
113 22
114 22
115 22
116 22
117 22
118 22
119 22
120 22
121 22
122 22
48 22
49 22
50 22
51 22
52 22
53 22
54 22
55 22
56 22
57 22
65 22
66 22
67 22
68 22
69 22
70 22
71 22
72 22
73 22
74 22
75 22
76 22
77 22
78 22
79 22
80 22
81 22
82 22
83 22
84 22
85 22
86 22
87 22
88 22
89 22
90 22
95 26
97 22
98 22
99 22
100 22
101 22
102 22
103 22
104 22
105 22
106 22
107 22
108 22
109 22
110 22
111 86
112 22
113 22
114 22
115 22
116 22
117 22
118 22
119 22
120 22
121 22
122 22
48 22
49 22
50 22
51 22
52 22
53 22
54 22
55 22
56 22
57 22
65 22
66 22
67 22
68 22
69 22
70 22
71 22
72 22
73 22
74 22
75 22
76 22
77 22
78 22
79 22
80 22
81 22
82 22
83 22
84 22
85 22
86 22
87 22
88 22
89 22
90 22
95 26
97 87
98 22
99 22
100 22
101 22
102 22
103 22
104 22
105 22
106 22
107 22
108 22
109 22
110 22
111 22
112 22
113 22
114 22
115 22
116 22
117 22
118 22
119 22
120 22
121 22
122 22
48 22
49 22
50 22
51 22
52 22
53 22
54 22
55 22
56 22
57 22
65 22
66 22
67 22
68 22
69 22
70 22
71 22
72 22
73 22
74 22
75 22
76 22
77 22
78 22
79 22
80 22
81 22
82 22
83 22
84 22
85 22
86 22
87 22
88 22
89 22
90 22
95 26
97 22
98 22
99 22
100 22
101 22
102 22
103 22
104 22
105 22
106 22
107 22
108 22
109 22
110 22
111 22
112 22
113 22
114 22
115 22
116 22
117 88
118 22
119 22
120 22
121 22
122 22
48 22
49 22
50 22
51 22
52 22
53 22
54 22
55 22
56 22
57 22
65 22
66 22
67 22
68 22
69 22
70 22
71 22
72 22
73 22
74 22
75 22
76 22
77 22
78 22
79 22
80 22
81 22
82 22
83 22
84 22
85 22
86 22
87 22
88 22
89 22
90 22
95 26
97 22
98 22
99 22
100 22
101 22
102 22
103 22
104 22
105 22
106 22
107 22
108 22
109 22
110 22
111 22
112 22
113 22
114 22
115 22
116 22
117 89
118 22
119 22
120 22
121 22
122 22
48 22
49 22
50 22
51 22
52 22
53 22
54 22
55 22
56 22
57 22
65 22
66 22
67 22
68 22
69 22
70 22
71 22
72 22
73 22
74 22
75 22
76 22
77 22
78 22
79 22
80 22
81 22
82 22
83 22
84 22
85 22
86 22
87 22
88 22
89 22
90 22
95 26
97 22
98 22
99 22
100 22
101 22
102 22
103 22
104 22
105 22
106 22
107 22
108 22
109 22
110 22
111 22
112 22
113 22
114 22
115 90
116 22
117 22
118 22
119 22
120 22
121 22
122 22
48 22
49 22
50 22
51 22
52 22
53 22
54 22
55 22
56 22
57 22
65 22
66 22
67 22
68 22
69 22
70 22
71 22
72 22
73 22
74 22
75 22
76 22
77 22
78 22
79 22
80 22
81 22
82 22
83 22
84 22
85 22
86 22
87 22
88 22
89 22
90 22
95 26
97 22
98 22
99 22
100 22
101 22
102 22
103 22
104 22
105 22
106 22
107 22
108 91
109 22
110 22
111 22
112 22
113 22
114 22
115 22
116 22
117 22
118 22
119 22
120 22
121 22
122 22
48 22
49 22
50 22
51 22
52 22
53 22
54 22
55 22
56 22
57 22
65 22
66 22
67 22
68 22
69 22
70 22
71 22
72 22
73 22
74 22
75 22
76 22
77 22
78 22
79 22
80 22
81 22
82 22
83 22
84 22
85 22
86 22
87 22
88 22
89 22
90 22
95 26
97 22
98 22
99 22
100 22
101 22
102 22
103 22
104 22
105 22
106 22
107 22
108 22
109 22
110 22
111 92
112 22
113 22
114 22
115 22
116 22
117 22
118 22
119 22
120 22
121 22
122 22
48 22
49 22
50 22
51 22
52 22
53 22
54 22
55 22
56 22
57 22
65 22
66 22
67 22
68 22
69 22
70 22
71 22
72 22
73 22
74 22
75 22
76 22
77 22
78 22
79 22
80 22
81 22
82 22
83 22
84 22
85 22
86 22
87 22
88 22
89 22
90 22
95 26
97 22
98 22
99 22
100 22
101 22
102 22
103 22
104 22
105 22
106 22
107 22
108 22
109 22
110 22
111 22
112 22
113 22
114 93
115 22
116 22
117 22
118 22
119 22
120 22
121 22
122 22
48 22
49 22
50 22
51 22
52 22
53 22
54 22
55 22
56 22
57 22
65 22
66 22
67 22
68 22
69 22
70 22
71 22
72 22
73 22
74 22
75 22
76 22
77 22
78 22
79 22
80 22
81 22
82 22
83 22
84 22
85 22
86 22
87 22
88 22
89 22
90 22
95 26
97 22
98 22
99 22
100 22
101 22
102 22
103 22
104 22
105 22
106 22
107 22
108 22
109 22
110 22
111 22
112 22
113 22
114 22
115 22
116 22
117 22
118 22
119 22
120 22
121 22
122 22
48 22
49 22
50 22
51 22
52 22
53 22
54 22
55 22
56 22
57 22
65 22
66 22
67 22
68 22
69 22
70 22
71 22
72 22
73 22
74 22
75 22
76 22
77 22
78 22
79 22
80 22
81 22
82 22
83 22
84 22
85 22
86 22
87 22
88 22
89 22
90 22
95 26
97 22
98 22
99 22
100 22
101 22
102 22
103 22
104 22
105 22
106 22
107 22
108 22
109 22
110 22
111 22
112 22
113 22
114 22
115 22
116 94
117 22
118 22
119 22
120 22
121 22
122 22
48 22
49 22
50 22
51 22
52 22
53 22
54 22
55 22
56 22
57 22
65 22
66 22
67 22
68 22
69 22
70 22
71 22
72 22
73 22
74 22
75 22
76 22
77 22
78 22
79 22
80 22
81 22
82 22
83 22
84 22
85 22
86 22
87 22
88 22
89 22
90 22
95 26
97 22
98 22
99 22
100 22
101 22
102 22
103 22
104 22
105 22
106 22
107 22
108 95
109 22
110 22
111 22
112 22
113 22
114 22
115 22
116 22
117 22
118 22
119 22
120 22
121 22
122 22
48 22
49 22
50 22
51 22
52 22
53 22
54 22
55 22
56 22
57 22
65 22
66 22
67 22
68 22
69 22
70 22
71 22
72 22
73 22
74 22
75 22
76 22
77 22
78 22
79 22
80 22
81 22
82 22
83 22
84 22
85 22
86 22
87 22
88 22
89 22
90 22
95 26
97 22
98 22
99 22
100 22
101 22
102 22
103 22
104 22
105 22
106 22
107 22
108 22
109 22
110 22
111 22
112 22
113 22
114 22
115 22
116 96
117 22
118 22
119 22
120 22
121 22
122 22
48 22
49 22
50 22
51 22
52 22
53 22
54 22
55 22
56 22
57 22
65 22
66 22
67 22
68 22
69 22
70 22
71 22
72 22
73 22
74 22
75 22
76 22
77 22
78 22
79 22
80 22
81 22
82 22
83 22
84 22
85 22
86 22
87 22
88 22
89 22
90 22
95 26
97 22
98 22
99 22
100 22
101 22
102 22
103 22
104 22
105 22
106 22
107 22
108 22
109 22
110 22
111 22
112 22
113 22
114 97
115 22
116 22
117 22
118 22
119 22
120 22
121 22
122 22
48 22
49 22
50 22
51 22
52 22
53 22
54 22
55 22
56 22
57 22
65 22
66 22
67 22
68 22
69 22
70 22
71 22
72 22
73 22
74 22
75 22
76 22
77 22
78 22
79 22
80 22
81 22
82 22
83 22
84 22
85 22
86 22
87 22
88 22
89 22
90 22
95 26
97 22
98 22
99 22
100 22
101 22
102 22
103 22
104 22
105 22
106 22
107 22
108 22
109 22
110 22
111 22
112 22
113 22
114 22
115 22
116 22
117 98
118 22
119 22
120 22
121 22
122 22
48 22
49 22
50 22
51 22
52 22
53 22
54 22
55 22
56 22
57 22
65 22
66 22
67 22
68 22
69 22
70 22
71 22
72 22
73 22
74 22
75 22
76 22
77 22
78 22
79 22
80 22
81 22
82 22
83 22
84 22
85 22
86 22
87 22
88 22
89 22
90 22
95 26
97 22
98 22
99 99
100 22
101 22
102 22
103 22
104 22
105 22
106 22
107 22
108 22
109 22
110 22
111 22
112 22
113 22
114 22
115 22
116 22
117 22
118 22
119 22
120 22
121 22
122 22
48 22
49 22
50 22
51 22
52 22
53 22
54 22
55 22
56 22
57 22
65 22
66 22
67 22
68 22
69 22
70 22
71 22
72 22
73 22
74 22
75 22
76 22
77 22
78 22
79 22
80 22
81 22
82 22
83 22
84 22
85 22
86 22
87 22
88 22
89 22
90 22
95 26
97 22
98 22
99 22
100 22
101 22
102 22
103 22
104 22
105 100
106 22
107 22
108 22
109 22
110 22
111 22
112 22
113 22
114 22
115 22
116 22
117 22
118 22
119 22
120 22
121 22
122 22
48 22
49 22
50 22
51 22
52 22
53 22
54 22
55 22
56 22
57 22
65 22
66 22
67 22
68 22
69 22
70 22
71 22
72 22
73 22
74 22
75 22
76 22
77 22
78 22
79 22
80 22
81 22
82 22
83 22
84 22
85 22
86 22
87 22
88 22
89 22
90 22
95 26
97 22
98 22
99 22
100 22
101 22
102 22
103 22
104 22
105 101
106 22
107 22
108 22
109 22
110 22
111 22
112 22
113 22
114 22
115 22
116 22
117 22
118 22
119 22
120 22
121 22
122 22
9 3
10 3
13 3
32 3
33 3
34 44
35 3
36 3
37 3
38 3
39 3
40 3
41 3
42 3
43 3
44 3
45 3
46 3
47 3
48 3
49 3
50 3
51 3
52 3
53 3
54 3
55 3
56 3
57 3
58 3
59 3
60 3
61 3
62 3
63 3
64 3
65 3
66 3
67 3
68 3
69 3
70 3
71 3
72 3
73 3
74 3
75 3
76 3
77 3
78 3
79 3
80 3
81 3
82 3
83 3
84 3
85 3
86 3
87 3
88 3
89 3
90 3
91 3
92 45
93 3
94 3
95 3
96 3
97 3
98 3
99 3
100 3
101 3
102 3
103 3
104 3
105 3
106 3
107 3
108 3
109 3
110 3
111 3
112 3
113 3
114 3
115 3
116 3
117 3
118 3
119 3
120 3
121 3
122 3
123 3
124 3
125 3
126 3
161 3
162 3
163 3
164 3
165 3
166 3
167 3
168 3
169 3
170 3
171 3
172 3
173 3
174 3
175 3
176 3
177 3
178 3
179 3
180 3
181 3
182 3
183 3
184 3
185 3
186 3
187 3
188 3
189 3
190 3
191 3
192 3
193 3
194 3
195 3
196 3
197 3
198 3
199 3
200 3
201 3
202 3
203 3
204 3
205 3
206 3
207 3
208 3
209 3
210 3
211 3
212 3
213 3
214 3
215 3
216 3
217 3
218 3
219 3
220 3
221 3
222 3
223 3
224 3
225 3
226 3
227 3
228 3
229 3
230 3
231 3
232 3
233 3
234 3
235 3
236 3
237 3
238 3
239 3
240 3
241 3
242 3
243 3
244 3
245 3
246 3
247 3
248 3
249 3
250 3
251 3
252 3
253 3
254 3
255 3
47 102
48 84
49 84
50 22
51 22
52 22
53 22
54 22
55 22
56 22
57 22
65 22
66 22
67 22
68 22
69 22
70 22
71 22
72 22
73 22
74 22
75 22
76 22
77 22
78 22
79 22
80 22
81 22
82 22
83 22
84 22
85 22
86 22
87 22
88 22
89 22
90 22
95 26
97 22
98 22
99 22
100 22
101 22
102 22
103 22
104 22
105 22
106 22
107 22
108 22
109 22
110 22
111 22
112 22
113 22
114 22
115 22
116 22
117 22
118 22
119 22
120 22
121 22
122 22
48 85
49 85
50 85
51 85
52 85
53 85
54 85
55 85
56 85
57 85
65 85
66 85
67 85
68 85
69 85
70 85
71 22
72 22
73 22
74 22
75 22
76 22
77 22
78 22
79 22
80 22
81 22
82 22
83 22
84 22
85 22
86 22
87 22
88 22
89 22
90 22
95 26
97 85
98 85
99 85
100 85
101 85
102 85
103 22
104 22
105 22
106 22
107 22
108 22
109 22
110 22
111 22
112 22
113 22
114 22
115 22
116 22
117 22
118 22
119 22
120 22
121 22
122 22
48 22
49 22
50 22
51 22
52 22
53 22
54 22
55 22
56 22
57 22
65 22
66 22
67 22
68 22
69 22
70 22
71 22
72 22
73 22
74 22
75 22
76 22
77 22
78 22
79 22
80 22
81 22
82 22
83 22
84 22
85 22
86 22
87 22
88 22
89 22
90 22
95 26
97 22
98 22
99 22
100 22
101 22
102 22
103 22
104 22
105 22
106 22
107 22
108 103
109 22
110 22
111 22
112 22
113 22
114 22
115 22
116 22
117 22
118 22
119 22
120 22
121 22
122 22
48 22
49 22
50 22
51 22
52 22
53 22
54 22
55 22
56 22
57 22
65 22
66 22
67 22
68 22
69 22
70 22
71 22
72 22
73 22
74 22
75 22
76 22
77 22
78 22
79 22
80 22
81 22
82 22
83 22
84 22
85 22
86 22
87 22
88 22
89 22
90 22
95 26
97 22
98 22
99 22
100 22
101 22
102 22
103 22
104 22
105 22
106 22
107 22
108 22
109 22
110 22
111 22
112 22
113 22
114 104
115 22
116 22
117 22
118 22
119 22
120 22
121 22
122 22
48 22
49 22
50 22
51 22
52 22
53 22
54 22
55 22
56 22
57 22
65 22
66 22
67 22
68 22
69 22
70 22
71 22
72 22
73 22
74 22
75 22
76 22
77 22
78 22
79 22
80 22
81 22
82 22
83 22
84 22
85 22
86 22
87 22
88 22
89 22
90 22
95 26
97 22
98 22
99 22
100 22
101 22
102 22
103 22
104 22
105 22
106 22
107 22
108 22
109 22
110 22
111 22
112 22
113 22
114 22
115 22
116 105
117 22
118 22
119 22
120 22
121 22
122 22
48 22
49 22
50 22
51 22
52 22
53 22
54 22
55 22
56 22
57 22
65 22
66 22
67 22
68 22
69 22
70 22
71 22
72 22
73 22
74 22
75 22
76 22
77 22
78 22
79 22
80 22
81 22
82 22
83 22
84 22
85 22
86 22
87 22
88 22
89 22
90 22
95 26
97 22
98 106
99 22
100 22
101 22
102 22
103 22
104 22
105 22
106 22
107 22
108 22
109 22
110 22
111 22
112 22
113 22
114 22
115 22
116 22
117 22
118 22
119 22
120 22
121 22
122 22
48 22
49 22
50 22
51 22
52 22
53 22
54 22
55 22
56 22
57 22
65 22
66 22
67 22
68 22
69 22
70 22
71 22
72 22
73 22
74 22
75 22
76 22
77 22
78 22
79 22
80 22
81 22
82 22
83 22
84 22
85 22
86 22
87 22
88 22
89 22
90 22
95 26
97 22
98 22
99 22
100 22
101 107
102 22
103 22
104 22
105 22
106 22
107 22
108 22
109 22
110 22
111 22
112 22
113 22
114 22
115 22
116 22
117 22
118 22
119 22
120 22
121 22
122 22
48 22
49 22
50 22
51 22
52 22
53 22
54 22
55 22
56 22
57 22
65 22
66 22
67 22
68 22
69 22
70 22
71 22
72 22
73 22
74 22
75 22
76 22
77 22
78 22
79 22
80 22
81 22
82 22
83 22
84 22
85 22
86 22
87 22
88 22
89 22
90 22
95 26
97 22
98 22
99 22
100 22
101 22
102 22
103 22
104 22
105 22
106 22
107 22
108 22
109 22
110 22
111 22
112 22
113 22
114 22
115 108
116 22
117 22
118 22
119 22
120 22
121 22
122 22
48 22
49 22
50 22
51 22
52 22
53 22
54 22
55 22
56 22
57 22
65 22
66 22
67 22
68 22
69 22
70 22
71 22
72 22
73 22
74 22
75 22
76 22
77 22
78 22
79 22
80 22
81 22
82 22
83 22
84 22
85 22
86 22
87 22
88 22
89 22
90 22
95 26
97 109
98 22
99 22
100 22
101 22
102 22
103 22
104 22
105 22
106 22
107 22
108 22
109 22
110 22
111 22
112 22
113 22
114 22
115 22
116 22
117 22
118 22
119 22
120 22
121 22
122 22
48 22
49 22
50 22
51 22
52 22
53 22
54 22
55 22
56 22
57 22
65 22
66 22
67 22
68 22
69 22
70 22
71 22
72 22
73 22
74 22
75 22
76 22
77 22
78 22
79 22
80 22
81 22
82 22
83 22
84 22
85 22
86 22
87 22
88 22
89 22
90 22
95 26
97 22
98 22
99 22
100 22
101 22
102 22
103 22
104 22
105 22
106 22
107 22
108 22
109 22
110 22
111 22
112 22
113 22
114 22
115 22
116 22
117 22
118 22
119 22
120 22
121 22
122 22
48 22
49 22
50 22
51 22
52 22
53 22
54 22
55 22
56 22
57 22
65 22
66 22
67 22
68 22
69 22
70 22
71 22
72 22
73 22
74 22
75 22
76 22
77 22
78 22
79 22
80 22
81 22
82 22
83 22
84 22
85 22
86 22
87 22
88 22
89 22
90 22
95 26
97 22
98 22
99 22
100 22
101 22
102 22
103 22
104 22
105 22
106 22
107 22
108 22
109 22
110 22
111 22
112 22
113 22
114 22
115 22
116 22
117 22
118 22
119 22
120 22
121 22
122 22
48 22
49 22
50 22
51 22
52 22
53 22
54 22
55 22
56 22
57 22
65 22
66 22
67 22
68 22
69 22
70 22
71 22
72 22
73 22
74 22
75 22
76 22
77 22
78 22
79 22
80 22
81 22
82 22
83 22
84 22
85 22
86 22
87 22
88 22
89 22
90 22
95 26
97 22
98 22
99 22
100 22
101 22
102 22
103 22
104 22
105 22
106 22
107 22
108 110
109 22
110 22
111 22
112 22
113 22
114 22
115 22
116 22
117 22
118 22
119 22
120 22
121 22
122 22
48 22
49 22
50 22
51 22
52 22
53 22
54 22
55 22
56 22
57 22
65 22
66 22
67 22
68 22
69 22
70 22
71 22
72 22
73 22
74 22
75 22
76 22
77 22
78 22
79 22
80 22
81 22
82 22
83 22
84 22
85 22
86 22
87 22
88 22
89 22
90 22
95 26
97 22
98 22
99 22
100 22
101 22
102 22
103 22
104 22
105 22
106 22
107 22
108 22
109 22
110 22
111 22
112 22
113 22
114 22
115 22
116 22
117 111
118 22
119 22
120 22
121 22
122 22
48 22
49 22
50 22
51 22
52 22
53 22
54 22
55 22
56 22
57 22
65 22
66 22
67 22
68 22
69 22
70 22
71 22
72 22
73 22
74 22
75 22
76 22
77 22
78 22
79 22
80 22
81 22
82 22
83 22
84 22
85 22
86 22
87 22
88 22
89 22
90 22
95 26
97 22
98 22
99 22
100 22
101 22
102 22
103 22
104 22
105 112
106 22
107 22
108 22
109 22
110 22
111 22
112 22
113 22
114 22
115 22
116 22
117 22
118 22
119 22
120 22
121 22
122 22
48 22
49 22
50 22
51 22
52 22
53 22
54 22
55 22
56 22
57 22
65 22
66 22
67 22
68 22
69 22
70 22
71 22
72 22
73 22
74 22
75 22
76 22
77 22
78 22
79 22
80 22
81 22
82 22
83 22
84 22
85 22
86 22
87 22
88 22
89 22
90 22
95 26
97 22
98 22
99 22
100 22
101 113
102 22
103 22
104 22
105 22
106 22
107 22
108 22
109 22
110 22
111 22
112 22
113 22
114 22
115 22
116 22
117 22
118 22
119 22
120 22
121 22
122 22
48 22
49 22
50 22
51 22
52 22
53 22
54 22
55 22
56 22
57 22
65 22
66 22
67 22
68 22
69 22
70 22
71 22
72 22
73 22
74 22
75 22
76 22
77 22
78 22
79 22
80 22
81 22
82 22
83 22
84 22
85 22
86 22
87 22
88 22
89 22
90 22
95 26
97 22
98 22
99 22
100 22
101 22
102 22
103 22
104 22
105 22
106 22
107 22
108 22
109 22
110 22
111 22
112 22
113 22
114 22
115 22
116 114
117 22
118 22
119 22
120 22
121 22
122 22
48 22
49 22
50 22
51 22
52 22
53 22
54 22
55 22
56 22
57 22
65 22
66 22
67 22
68 22
69 22
70 22
71 22
72 22
73 22
74 22
75 22
76 22
77 22
78 22
79 22
80 22
81 22
82 22
83 22
84 22
85 22
86 22
87 22
88 22
89 22
90 22
95 26
97 22
98 22
99 22
100 115
101 22
102 22
103 22
104 22
105 22
106 22
107 22
108 22
109 22
110 22
111 22
112 22
113 22
114 22
115 22
116 22
117 22
118 22
119 22
120 22
121 22
122 22
48 22
49 22
50 22
51 22
52 22
53 22
54 22
55 22
56 22
57 22
65 22
66 22
67 22
68 22
69 22
70 22
71 22
72 22
73 22
74 22
75 22
76 22
77 22
78 22
79 22
80 22
81 22
82 22
83 22
84 22
85 22
86 22
87 22
88 22
89 22
90 22
95 26
97 22
98 22
99 22
100 22
101 22
102 22
103 22
104 22
105 22
106 22
107 22
108 116
109 22
110 22
111 22
112 22
113 22
114 22
115 22
116 22
117 22
118 22
119 22
120 22
121 22
122 22
48 22
49 22
50 22
51 22
52 22
53 22
54 22
55 22
56 22
57 22
65 22
66 22
67 22
68 22
69 22
70 22
71 22
72 22
73 22
74 22
75 22
76 22
77 22
78 22
79 22
80 22
81 22
82 22
83 22
84 22
85 22
86 22
87 22
88 22
89 22
90 22
95 26
97 22
98 22
99 22
100 22
101 22
102 22
103 22
104 22
105 22
106 22
107 22
108 22
109 22
110 22
111 22
112 22
113 22
114 22
115 22
116 22
117 22
118 22
119 22
120 22
121 22
122 22
48 22
49 22
50 22
51 22
52 22
53 22
54 22
55 22
56 22
57 22
65 22
66 22
67 22
68 22
69 22
70 22
71 22
72 22
73 22
74 22
75 22
76 22
77 22
78 22
79 22
80 22
81 22
82 22
83 22
84 22
85 22
86 22
87 22
88 22
89 22
90 22
95 26
97 22
98 22
99 22
100 22
101 22
102 22
103 22
104 22
105 22
106 22
107 22
108 22
109 22
110 22
111 22
112 22
113 22
114 22
115 22
116 22
117 22
118 22
119 22
120 22
121 22
122 22
48 22
49 22
50 22
51 22
52 22
53 22
54 22
55 22
56 22
57 22
65 22
66 22
67 22
68 22
69 22
70 22
71 22
72 22
73 22
74 22
75 22
76 22
77 22
78 22
79 22
80 22
81 22
82 22
83 22
84 22
85 22
86 22
87 22
88 22
89 22
90 22
95 26
97 22
98 22
99 22
100 22
101 22
102 22
103 22
104 22
105 22
106 22
107 22
108 22
109 22
110 22
111 22
112 22
113 22
114 22
115 22
116 22
117 22
118 22
119 22
120 22
121 22
122 22
48 22
49 22
50 22
51 22
52 22
53 22
54 22
55 22
56 22
57 22
65 22
66 22
67 22
68 22
69 22
70 22
71 22
72 22
73 22
74 22
75 22
76 22
77 22
78 22
79 22
80 22
81 22
82 22
83 22
84 22
85 22
86 22
87 22
88 22
89 22
90 22
95 26
97 22
98 22
99 22
100 22
101 22
102 22
103 22
104 22
105 22
106 22
107 22
108 117
109 22
110 22
111 22
112 22
113 22
114 22
115 22
116 22
117 22
118 22
119 22
120 22
121 22
122 22
48 22
49 22
50 22
51 22
52 22
53 22
54 22
55 22
56 22
57 22
65 22
66 22
67 22
68 22
69 22
70 22
71 22
72 22
73 22
74 22
75 22
76 22
77 22
78 22
79 22
80 22
81 22
82 22
83 22
84 22
85 22
86 22
87 22
88 22
89 22
90 22
95 26
97 22
98 22
99 22
100 22
101 22
102 22
103 22
104 22
105 22
106 22
107 22
108 22
109 22
110 22
111 22
112 22
113 22
114 22
115 22
116 22
117 22
118 22
119 22
120 22
121 22
122 22
48 22
49 22
50 22
51 22
52 22
53 22
54 22
55 22
56 22
57 22
65 22
66 22
67 22
68 22
69 22
70 22
71 22
72 22
73 22
74 22
75 22
76 22
77 22
78 22
79 22
80 22
81 22
82 22
83 22
84 22
85 22
86 22
87 22
88 22
89 22
90 22
95 26
97 22
98 22
99 22
100 22
101 113
102 22
103 22
104 22
105 22
106 22
107 22
108 22
109 22
110 22
111 22
112 22
113 22
114 22
115 22
116 22
117 22
118 22
119 22
120 22
121 22
122 22
48 22
49 22
50 22
51 22
52 22
53 22
54 22
55 22
56 22
57 22
65 22
66 22
67 22
68 22
69 22
70 22
71 22
72 22
73 22
74 22
75 22
76 22
77 22
78 22
79 22
80 22
81 22
82 22
83 22
84 22
85 22
86 22
87 22
88 22
89 22
90 22
95 26
97 22
98 22
99 22
100 22
101 22
102 22
103 22
104 22
105 22
106 22
107 22
108 22
109 22
110 22
111 22
112 22
113 22
114 22
115 22
116 118
117 22
118 22
119 22
120 22
121 22
122 22
48 22
49 22
50 22
51 22
52 22
53 22
54 22
55 22
56 22
57 22
65 22
66 22
67 22
68 22
69 22
70 22
71 22
72 22
73 22
74 22
75 22
76 22
77 22
78 22
79 22
80 22
81 22
82 22
83 22
84 22
85 22
86 22
87 22
88 22
89 22
90 22
95 26
97 22
98 22
99 22
100 22
101 22
102 22
103 22
104 22
105 22
106 22
107 22
108 22
109 22
110 22
111 22
112 119
113 22
114 22
115 22
116 22
117 22
118 22
119 22
120 22
121 22
122 22
48 22
49 22
50 22
51 22
52 22
53 22
54 22
55 22
56 22
57 22
65 22
66 22
67 22
68 22
69 22
70 22
71 22
72 22
73 22
74 22
75 22
76 22
77 22
78 22
79 22
80 22
81 22
82 22
83 22
84 22
85 22
86 22
87 22
88 22
89 22
90 22
95 26
97 22
98 22
99 22
100 22
101 22
102 22
103 22
104 22
105 22
106 22
107 22
108 22
109 22
110 22
111 22
112 22
113 22
114 120
115 22
116 22
117 22
118 22
119 22
120 22
121 22
122 22
48 22
49 22
50 22
51 22
52 22
53 22
54 22
55 22
56 22
57 22
65 22
66 22
67 22
68 22
69 22
70 22
71 22
72 22
73 22
74 22
75 22
76 22
77 22
78 22
79 22
80 22
81 22
82 22
83 22
84 22
85 22
86 22
87 22
88 22
89 22
90 22
95 26
97 22
98 22
99 22
100 22
101 22
102 22
103 22
104 22
105 22
106 22
107 22
108 22
109 22
110 121
111 22
112 22
113 22
114 22
115 22
116 22
117 22
118 22
119 22
120 22
121 22
122 22
48 22
49 22
50 22
51 22
52 22
53 22
54 22
55 22
56 22
57 22
65 22
66 22
67 22
68 22
69 22
70 22
71 22
72 22
73 22
74 22
75 22
76 22
77 22
78 22
79 22
80 22
81 22
82 22
83 22
84 22
85 22
86 22
87 22
88 22
89 22
90 22
95 26
97 22
98 22
99 22
100 22
101 22
102 22
103 22
104 22
105 22
106 22
107 22
108 22
109 22
110 22
111 22
112 22
113 22
114 22
115 22
116 22
117 22
118 22
119 22
120 22
121 22
122 22
48 22
49 22
50 22
51 22
52 22
53 22
54 22
55 22
56 22
57 22
65 22
66 22
67 22
68 22
69 22
70 22
71 22
72 22
73 22
74 22
75 22
76 22
77 22
78 22
79 22
80 22
81 22
82 22
83 22
84 22
85 22
86 22
87 22
88 22
89 22
90 22
95 26
97 22
98 22
99 22
100 22
101 22
102 22
103 22
104 22
105 22
106 22
107 22
108 22
109 22
110 22
111 122
112 22
113 22
114 22
115 22
116 22
117 22
118 22
119 22
120 22
121 22
122 22
35 123
48 22
49 22
50 22
51 22
52 22
53 22
54 22
55 22
56 22
57 22
65 22
66 22
67 22
68 22
69 22
70 22
71 22
72 22
73 22
74 22
75 22
76 22
77 22
78 22
79 22
80 22
81 22
82 22
83 22
84 22
85 22
86 22
87 22
88 22
89 22
90 22
95 26
97 22
98 22
99 22
100 22
101 22
102 22
103 22
104 22
105 22
106 22
107 22
108 22
109 22
110 22
111 22
112 22
113 22
114 22
115 22
116 22
117 22
118 22
119 22
120 22
121 22
122 22
48 22
49 22
50 22
51 22
52 22
53 22
54 22
55 22
56 22
57 22
65 22
66 22
67 22
68 22
69 22
70 22
71 22
72 22
73 22
74 22
75 22
76 22
77 22
78 22
79 22
80 22
81 22
82 22
83 22
84 22
85 22
86 22
87 22
88 22
89 22
90 22
95 26
97 22
98 22
99 22
100 22
101 124
102 22
103 22
104 22
105 22
106 22
107 22
108 22
109 22
110 22
111 22
112 22
113 22
114 22
115 22
116 22
117 22
118 22
119 22
120 22
121 22
122 22
48 22
49 22
50 22
51 22
52 22
53 22
54 22
55 22
56 22
57 22
65 22
66 22
67 22
68 22
69 22
70 22
71 22
72 22
73 22
74 22
75 22
76 22
77 22
78 22
79 22
80 22
81 22
82 22
83 22
84 22
85 22
86 22
87 22
88 22
89 22
90 22
95 26
97 22
98 22
99 22
100 22
101 125
102 22
103 22
104 22
105 22
106 22
107 22
108 22
109 22
110 22
111 22
112 22
113 22
114 22
115 22
116 22
117 22
118 22
119 22
120 22
121 22
122 22
48 22
49 22
50 22
51 22
52 22
53 22
54 22
55 22
56 22
57 22
65 22
66 22
67 22
68 22
69 22
70 22
71 22
72 22
73 22
74 22
75 22
76 22
77 22
78 22
79 22
80 22
81 22
82 22
83 22
84 22
85 22
86 22
87 22
88 22
89 22
90 22
95 26
97 22
98 22
99 22
100 22
101 22
102 22
103 22
104 22
105 22
106 22
107 22
108 22
109 22
110 22
111 22
112 22
113 22
114 22
115 22
116 22
117 22
118 22
119 22
120 22
121 22
122 22
48 22
49 22
50 22
51 22
52 22
53 22
54 22
55 22
56 22
57 22
65 22
66 22
67 22
68 22
69 22
70 22
71 22
72 22
73 22
74 22
75 22
76 22
77 22
78 22
79 22
80 22
81 22
82 22
83 22
84 22
85 22
86 22
87 22
88 22
89 22
90 22
95 26
97 22
98 22
99 22
100 22
101 22
102 22
103 22
104 22
105 22
106 22
107 22
108 22
109 22
110 22
111 22
112 22
113 22
114 22
115 22
116 126
117 22
118 22
119 22
120 22
121 22
122 22
48 22
49 22
50 22
51 22
52 22
53 22
54 22
55 22
56 22
57 22
65 22
66 22
67 22
68 22
69 22
70 22
71 22
72 22
73 22
74 22
75 22
76 22
77 22
78 22
79 22
80 22
81 22
82 22
83 22
84 22
85 22
86 22
87 22
88 22
89 22
90 22
95 26
97 22
98 22
99 22
100 22
101 22
102 22
103 22
104 22
105 22
106 22
107 22
108 22
109 22
110 127
111 22
112 22
113 22
114 22
115 22
116 22
117 22
118 22
119 22
120 22
121 22
122 22
48 22
49 22
50 22
51 22
52 22
53 22
54 22
55 22
56 22
57 22
65 22
66 22
67 22
68 22
69 22
70 22
71 22
72 22
73 22
74 22
75 22
76 22
77 22
78 22
79 22
80 22
81 22
82 22
83 22
84 22
85 22
86 22
87 22
88 22
89 22
90 22
95 26
97 22
98 22
99 22
100 22
101 22
102 22
103 128
104 22
105 22
106 22
107 22
108 22
109 22
110 22
111 22
112 22
113 22
114 22
115 22
116 22
117 22
118 22
119 22
120 22
121 22
122 22
48 22
49 22
50 22
51 22
52 22
53 22
54 22
55 22
56 22
57 22
65 22
66 22
67 22
68 22
69 22
70 22
71 22
72 22
73 22
74 22
75 22
76 22
77 22
78 22
79 22
80 22
81 22
82 22
83 22
84 22
85 22
86 22
87 22
88 22
89 22
90 22
95 26
97 22
98 22
99 22
100 22
101 22
102 22
103 22
104 22
105 22
106 22
107 22
108 22
109 22
110 22
111 22
112 22
113 22
114 129
115 22
116 22
117 22
118 22
119 22
120 22
121 22
122 22
78 130
48 22
49 22
50 22
51 22
52 22
53 22
54 22
55 22
56 22
57 22
65 22
66 22
67 22
68 22
69 22
70 22
71 22
72 22
73 22
74 22
75 22
76 22
77 22
78 22
79 22
80 22
81 22
82 22
83 22
84 22
85 22
86 22
87 22
88 22
89 22
90 22
95 26
97 22
98 22
99 22
100 22
101 22
102 22
103 22
104 22
105 22
106 22
107 22
108 22
109 22
110 22
111 22
112 22
113 22
114 22
115 22
116 22
117 22
118 22
119 22
120 22
121 22
122 22
48 22
49 22
50 22
51 22
52 22
53 22
54 22
55 22
56 22
57 22
65 22
66 22
67 22
68 22
69 22
70 22
71 22
72 22
73 22
74 22
75 22
76 22
77 22
78 22
79 22
80 22
81 22
82 22
83 22
84 22
85 22
86 22
87 22
88 22
89 22
90 22
95 26
97 22
98 22
99 22
100 22
101 22
102 22
103 22
104 22
105 22
106 22
107 22
108 22
109 22
110 22
111 22
112 22
113 22
114 22
115 22
116 22
117 22
118 22
119 22
120 22
121 22
122 22
48 22
49 22
50 22
51 22
52 22
53 22
54 22
55 22
56 22
57 22
65 22
66 22
67 22
68 22
69 22
70 22
71 22
72 22
73 22
74 22
75 22
76 22
77 22
78 22
79 22
80 22
81 22
82 22
83 22
84 22
85 22
86 22
87 22
88 22
89 22
90 22
95 26
97 22
98 22
99 22
100 22
101 22
102 22
103 22
104 22
105 22
106 22
107 22
108 22
109 22
110 22
111 22
112 22
113 22
114 131
115 22
116 22
117 22
118 22
119 22
120 22
121 22
122 22
48 22
49 22
50 22
51 22
52 22
53 22
54 22
55 22
56 22
57 22
65 22
66 22
67 22
68 22
69 22
70 22
71 22
72 22
73 22
74 22
75 22
76 22
77 22
78 22
79 22
80 22
81 22
82 22
83 22
84 22
85 22
86 22
87 22
88 22
89 22
90 22
95 26
97 22
98 22
99 22
100 22
101 22
102 22
103 22
104 22
105 22
106 22
107 22
108 22
109 22
110 22
111 22
112 22
113 22
114 22
115 22
116 22
117 22
118 22
119 22
120 22
121 22
122 22
48 22
49 22
50 22
51 22
52 22
53 22
54 22
55 22
56 22
57 22
65 22
66 22
67 22
68 22
69 22
70 22
71 22
72 22
73 22
74 22
75 22
76 22
77 22
78 22
79 22
80 22
81 22
82 22
83 22
84 22
85 22
86 22
87 22
88 22
89 22
90 22
95 26
97 22
98 22
99 22
100 22
101 22
102 22
103 22
104 22
105 22
106 22
107 22
108 22
109 22
110 22
111 22
112 22
113 22
114 22
115 22
116 22
117 22
118 22
119 22
120 22
121 22
122 22
48 22
49 22
50 22
51 22
52 22
53 22
54 22
55 22
56 22
57 22
65 22
66 22
67 22
68 22
69 22
70 22
71 22
72 22
73 22
74 22
75 22
76 22
77 22
78 22
79 22
80 22
81 22
82 22
83 22
84 22
85 22
86 22
87 22
88 22
89 22
90 22
95 26
97 22
98 22
99 22
100 22
101 22
102 22
103 22
104 22
105 22
106 22
107 22
108 22
109 22
110 22
111 22
112 22
113 22
114 22
115 22
116 22
117 22
118 22
119 22
120 22
121 22
122 22
111 132
48 22
49 22
50 22
51 22
52 22
53 22
54 22
55 22
56 22
57 22
65 22
66 22
67 22
68 22
69 22
70 22
71 22
72 22
73 22
74 22
75 22
76 22
77 22
78 22
79 22
80 22
81 22
82 22
83 22
84 22
85 22
86 22
87 22
88 22
89 22
90 22
95 26
97 22
98 22
99 22
100 22
101 22
102 22
103 22
104 22
105 22
106 22
107 22
108 22
109 22
110 22
111 22
112 22
113 22
114 22
115 22
116 22
117 22
118 22
119 22
120 22
121 22
122 22
116 133
97 134
58 135
78 136
227 137
111 138
117 139
115 140
97 141
100 142
111 143
101 144
109 145
108 146
105 147
116 148
101 149
114 150
97 151
105 152
115 153